## Add elements into treap:
2930, 4415, 2761, 3610, 2598, 94, 926, 4810, 2159, 7984, 8826, 1083, 2187, 2546, 6653, 5860, 654, 7594, 6691, 9460, 762, 1007, 1766, 4407, 8458, 6426, 7714, 8745, 9999, 6087, 846, 9297, 6012, 3803, 7896, 7003, 8112, 1831, 7792, 6268, 9753, 1476, 9991, 6991, 7661, 2818, 2574, 6329, 7536, 8269, 1022, 6655, 4909, 5635, 9727, 8644, 4729, 2308, 326, 5027, 7975, 8834, 9499, 1440, 6514, 5413, 6323, 5047, 5465, 4207, 6295, 2237, 9541, 1643, 9842, 7775, 4911, 9029, 3215, 1007, 6452, 1739, 7653, 6138, 7691, 9972, 8558, 4077, 9823, 6789, 6112, 2558, 8129, 4174, 2459, 9664, 2865, 6307, 7355, 8509, 1213, 9205, 7481, 3466, 6028, 9237, 1154, 6934, 725, 3298, 4685, 4655, 3707, 9497, 8703, 647, 3595, 1925, 1727, 8728, 5220, 7019, 8250, 8464, 3078, 7223, 6801, 2883, 4378, 7950, 6046, 9440, 1875, 3928, 6493, 2424, 6535, 8210, 2262, 7404, 1690, 4859, 6829, 4949, 7750, 6008, 5267, 3638, 9446, 80, 422, 3514, 8097, 1047, 2441, 9045, 8750, 4990, 2721, 8068, 885, 1840, 4494, 1071, 6461, 1230, 1518, 6893, 7882, 3805, 761, 5958, 290, 2786, 6142, 3917, 3915, 666, 2498, 6029, 2715, 8987, 3097, 1937, 9984, 8610, 4583, 3110, 2493, 7464, 7634, 1961, 9673, 720, 7212, 4076, 2650, 7408, 377, 7532, 3285, 4923, 3016, 6559, 2539, 6902, 9643, 5985, 8260, 2490, 6760, 3541, 7438, 1939, 7952, 3284, 7430, 5283, 6296, 7507, 4214, 9364, 9576, 1605, 6438, 1216, 5866, 6835, 7112, 572, 8614, 656, 6948, 8340, 8234, 9708, 3977, 4872, 7303, 3519, 8210, 26, 7637, 1768, 1374, 4734, 7967, 1727, 8932, 5665, 1271, 3489, 6858, 415, 4525, 165, 7748, 2347, 7201, 4272, 8154, 4458, 6348, 1244, 5231, 1901, 8066, 87, 2429, 5494, 178, 9339, 491, 1552, 9421, 4356, 3968, 9390, 932, 7463, 4413, 6219, 8599, 1187, 439, 7792, 1273, 4767, 8276, 9171, 5768, 308, 5454, 180, 5023, 3356, 1523, 1623, 7506, 5109, 3288, 1367, 5499, 1260, 9848, 7705, 2036, 5194, 8863, 5420, 9540, 5279, 7118, 3449, 1654, 2704, 132, 108, 2899, 8454, 4844, 8581, 1530, 4235, 9481, 448, 257, 1672, 6521, 3129, 7095, 9486, 4558, 4945, 3541, 3222, 4593, 5287, 9559, 1600, 630, 3397, 1058, 5855, 8682, 7276, 2620, 988, 993, 7809, 2696, 8110, 5737, 4146, 1929, 1986, 4591, 4285, 1922, 6870, 5189, 6620, 5870, 4248, 1498, 9420, 2260, 2344, 8755, 6615, 7436, 2234, 4557, 3330, 4719, 2394, 7685, 6947, 5107, 3086, 8885, 389, 5789, 2092, 6319, 8862, 6396, 305, 6439, 9214, 9810, 4197, 9645, 1070, 3142, 3585, 6165, 626, 9729, 5737, 2714, 4068, 2668, 6413, 4401, 190, 48, 4987, 2108, 822, 3799, 5073, 6282, 1671, 7034, 3061, 3237, 6517, 5373, 503, 610, 4021, 4508, 7547, 9029, 4527, 6341, 5499, 897, 113, 4564, 4600, 6531, 6429, 5531, 3197, 7697, 3812, 7475, 1532, 823, 7197, 7910, 8193, 1381, 8730, 6401, 6088, 87, 1548, 9836, 2135, 9605, 2349, 4196, 7694, 953, 9692, 137, 2883, 9366, 9968, 9009, 7235, 9893, 621, 2069, 9941, 9687, 216, 9365, 9414, 4419, 1627, 2579, 2751, 4544, 3196, 4380, 3060, 3701, 7819, 8267, 6648, 664, 4650, 5076, 1641, 8845, 6795, 1216, 2304, 7255, 2377, 6362, 9655, 668, 5973, 7880, 5399, 
## Count: 489
## Height: 19
### Root element is: 6493
### Root count is: 1
### Root size is: 500
### Root priority is: 11338480
## InOrder Traverse:
26, 48, 80, 87, 94, 108, 113, 132, 137, 165, 178, 180, 190, 216, 257, 290, 305, 308, 326, 377, 389, 415, 422, 439, 448, 491, 503, 572, 610, 621, 626, 630, 647, 654, 656, 664, 666, 668, 720, 725, 761, 762, 822, 823, 846, 885, 897, 926, 932, 953, 988, 993, 1007, 1022, 1047, 1058, 1070, 1071, 1083, 1154, 1187, 1213, 1216, 1230, 1244, 1260, 1271, 1273, 1367, 1374, 1381, 1440, 1476, 1498, 1518, 1523, 1530, 1532, 1548, 1552, 1600, 1605, 1623, 1627, 1641, 1643, 1654, 1671, 1672, 1690, 1727, 1739, 1766, 1768, 1831, 1840, 1875, 1901, 1922, 1925, 1929, 1937, 1939, 1961, 1986, 2036, 2069, 2092, 2108, 2135, 2159, 2187, 2234, 2237, 2260, 2262, 2304, 2308, 2344, 2347, 2349, 2377, 2394, 2424, 2429, 2441, 2459, 2490, 2493, 2498, 2539, 2546, 2558, 2574, 2579, 2598, 2620, 2650, 2668, 2696, 2704, 2714, 2715, 2721, 2751, 2761, 2786, 2818, 2865, 2883, 2899, 2930, 3016, 3060, 3061, 3078, 3086, 3097, 3110, 3129, 3142, 3196, 3197, 3215, 3222, 3237, 3284, 3285, 3288, 3298, 3330, 3356, 3397, 3449, 3466, 3489, 3514, 3519, 3541, 3585, 3595, 3610, 3638, 3701, 3707, 3799, 3803, 3805, 3812, 3915, 3917, 3928, 3968, 3977, 4021, 4068, 4076, 4077, 4146, 4174, 4196, 4197, 4207, 4214, 4235, 4248, 4272, 4285, 4356, 4378, 4380, 4401, 4407, 4413, 4415, 4419, 4458, 4494, 4508, 4525, 4527, 4544, 4557, 4558, 4564, 4583, 4591, 4593, 4600, 4650, 4655, 4685, 4719, 4729, 4734, 4767, 4810, 4844, 4859, 4872, 4909, 4911, 4923, 4945, 4949, 4987, 4990, 5023, 5027, 5047, 5073, 5076, 5107, 5109, 5189, 5194, 5220, 5231, 5267, 5279, 5283, 5287, 5373, 5399, 5413, 5420, 5454, 5465, 5494, 5499, 5531, 5635, 5665, 5737, 5768, 5789, 5855, 5860, 5866, 5870, 5958, 5973, 5985, 6008, 6012, 6028, 6029, 6046, 6087, 6088, 6112, 6138, 6142, 6165, 6219, 6268, 6282, 6295, 6296, 6307, 6319, 6323, 6329, 6341, 6348, 6362, 6396, 6401, 6413, 6426, 6429, 6438, 6439, 6452, 6461, 6493, 6514, 6517, 6521, 6531, 6535, 6559, 6615, 6620, 6648, 6653, 6655, 6691, 6760, 6789, 6795, 6801, 6829, 6835, 6858, 6870, 6893, 6902, 6934, 6947, 6948, 6991, 7003, 7019, 7034, 7095, 7112, 7118, 7197, 7201, 7212, 7223, 7235, 7255, 7276, 7303, 7355, 7404, 7408, 7430, 7436, 7438, 7463, 7464, 7475, 7481, 7506, 7507, 7532, 7536, 7547, 7594, 7634, 7637, 7653, 7661, 7685, 7691, 7694, 7697, 7705, 7714, 7748, 7750, 7775, 7792, 7809, 7819, 7880, 7882, 7896, 7910, 7950, 7952, 7967, 7975, 7984, 8066, 8068, 8097, 8110, 8112, 8129, 8154, 8193, 8210, 8234, 8250, 8260, 8267, 8269, 8276, 8340, 8454, 8458, 8464, 8509, 8558, 8581, 8599, 8610, 8614, 8644, 8682, 8703, 8728, 8730, 8745, 8750, 8755, 8826, 8834, 8845, 8862, 8863, 8885, 8932, 8987, 9009, 9029, 9045, 9171, 9205, 9214, 9237, 9297, 9339, 9364, 9365, 9366, 9390, 9414, 9420, 9421, 9440, 9446, 9460, 9481, 9486, 9497, 9499, 9540, 9541, 9559, 9576, 9605, 9643, 9645, 9655, 9664, 9673, 9687, 9692, 9708, 9727, 9729, 9753, 9810, 9823, 9836, 9842, 9848, 9893, 9941, 9968, 9972, 9984, 9991, 9999, 
